2.000000000000000000e+00 5.357923954574804297e-03
3.000000000000000000e+00 1.205532889779331075e-02
4.000000000000000000e+00 2.143169581829921719e-02
5.000000000000000000e+00 3.348702471609252967e-02
6.000000000000000000e+00 4.822131559117324301e-02
7.000000000000000000e+00 6.563456844354134678e-02
8.000000000000000000e+00 8.572678327319686875e-02
9.000000000000000000e+00 1.084979600801397881e-01
1.000000000000000000e+01 1.339480988643701187e-01
1.100000000000000000e+01 1.620771996258878467e-01
1.200000000000000000e+01 1.928852623646929720e-01
1.300000000000000000e+01 2.263722870807854670e-01
1.400000000000000000e+01 2.625382737741653871e-01
1.500000000000000000e+01 3.013832224448327879e-01
1.600000000000000000e+01 3.429071330927874750e-01
1.700000000000000000e+01 3.871100057180296150e-01
1.800000000000000000e+01 4.339918403205591524e-01
1.900000000000000000e+01 4.835526369003760871e-01
2.000000000000000000e+01 5.357923954574804748e-01
2.100000000000000000e+01 5.907111159918722043e-01
2.200000000000000000e+01 6.483087985035513867e-01
2.300000000000000000e+01 7.085854429925179110e-01
2.400000000000000000e+01 7.715410494587718881e-01
2.500000000000000000e+01 8.371756179023130962e-01
2.600000000000000000e+01 9.054891483231418681e-01
2.700000000000000000e+01 9.764816407212580929e-01
2.800000000000000000e+01 1.050153095096661549e+00
2.900000000000000000e+01 1.126503511449352679e+00
3.000000000000000000e+01 1.205532889779331152e+00
3.100000000000000000e+01 1.287241230086596744e+00
3.200000000000000000e+01 1.371628532371149900e+00
3.300000000000000000e+01 1.458694796632990620e+00
3.400000000000000000e+01 1.548440022872118460e+00
3.500000000000000000e+01 1.640864211088533864e+00
3.600000000000000000e+01 1.735967361282236610e+00
3.700000000000000000e+01 1.833749473453226697e+00
3.800000000000000000e+01 1.934210547601504349e+00
3.900000000000000000e+01 2.037350583727069342e+00
4.000000000000000000e+01 2.143169581829921899e+00
4.100000000000000000e+01 2.251667541910061576e+00
4.200000000000000000e+01 2.362844463967488817e+00
4.300000000000000000e+01 2.476700348002203178e+00
4.400000000000000000e+01 2.593235194014205547e+00
4.500000000000000000e+01 2.712449002003494591e+00
4.600000000000000000e+01 2.834341771970071644e+00
4.700000000000000000e+01 2.958913503913935816e+00
4.800000000000000000e+01 3.086164197835087553e+00
4.900000000000000000e+01 3.216093853733526409e+00
5.000000000000000000e+01 3.348702471609252385e+00
5.100000000000000000e+01 3.483990051462266369e+00
5.200000000000000000e+01 3.621956593292567472e+00
5.300000000000000000e+01 3.762602097100156140e+00
5.400000000000000000e+01 3.905926562885032371e+00
5.500000000000000000e+01 4.051929990647195723e+00
5.600000000000000000e+01 4.200612380386646194e+00
5.700000000000000000e+01 4.351973732103384229e+00
5.800000000000000000e+01 4.506014045797410716e+00
5.900000000000000000e+01 4.662733321468723879e+00
6.000000000000000000e+01 4.822131559117324606e+00
6.100000000000000000e+01 4.984208758743212009e+00
6.200000000000000000e+01 5.148964920346386975e+00
6.300000000000000000e+01 5.316400043926849506e+00
6.400000000000000000e+01 5.486514129484599600e+00
6.500000000000000000e+01 5.659307177019637258e+00
6.600000000000000000e+01 5.834779186531962480e+00
6.700000000000000000e+01 6.012930158021574378e+00
6.800000000000000000e+01 6.193760091488473840e+00
6.900000000000000000e+01 6.377268986932660866e+00
7.000000000000000000e+01 6.563456844354135455e+00
7.100000000000000000e+01 6.752323663752897609e+00
7.200000000000000000e+01 6.943869445128946438e+00
7.300000000000000000e+01 7.138094188482282831e+00
7.400000000000000000e+01 7.334997893812906788e+00
7.500000000000000000e+01 7.534580561120818309e+00
7.600000000000000000e+01 7.736842190406017394e+00
7.700000000000000000e+01 7.941782781668504043e+00
7.800000000000000000e+01 8.149402334908277368e+00
7.900000000000000000e+01 8.359700850125339144e+00
8.000000000000000000e+01 8.572678327319687597e+00
8.100000000000000000e+01 8.788334766491322725e+00
8.200000000000000000e+01 9.006670167640246305e+00
8.300000000000000000e+01 9.227684530766456561e+00
8.400000000000000000e+01 9.451377855869955269e+00
8.500000000000000000e+01 9.677750142950740653e+00
8.600000000000000000e+01 9.906801392008812712e+00
8.700000000000000000e+01 1.013853160304417322e+01
8.800000000000000000e+01 1.037294077605682219e+01
8.900000000000000000e+01 1.061002891104675605e+01
9.000000000000000000e+01 1.084979600801397837e+01
9.100000000000000000e+01 1.109224206695848736e+01
9.200000000000000000e+01 1.133736708788028658e+01
9.300000000000000000e+01 1.158517107077937069e+01
9.400000000000000000e+01 1.183565401565574327e+01
9.500000000000000000e+01 1.208881592250940251e+01
9.600000000000000000e+01 1.234465679134035021e+01
9.700000000000000000e+01 1.260317662214858458e+01
9.800000000000000000e+01 1.286437541493410563e+01
9.900000000000000000e+01 1.312825316969691514e+01
1.000000000000000000e+02 1.339480988643700954e+01
1.010000000000000000e+02 1.366404556515439417e+01
1.020000000000000000e+02 1.393596020584906547e+01
1.030000000000000000e+02 1.421055380852102523e+01
1.040000000000000000e+02 1.448782637317026989e+01
1.050000000000000000e+02 1.476777789979680477e+01
1.060000000000000000e+02 1.505040838840062456e+01
1.070000000000000000e+02 1.533571783898173457e+01
1.080000000000000000e+02 1.562370625154012949e+01
1.090000000000000000e+02 1.591437362607581285e+01
1.100000000000000000e+02 1.620771996258878289e+01
1.110000000000000000e+02 1.650374526107904316e+01
1.120000000000000000e+02 1.680244952154658478e+01
1.130000000000000000e+02 1.710383274399141840e+01
1.140000000000000000e+02 1.740789492841353692e+01
1.150000000000000000e+02 1.771463607481294744e+01
1.160000000000000000e+02 1.802405618318964287e+01
1.170000000000000000e+02 1.833615525354362319e+01
1.180000000000000000e+02 1.865093328587489552e+01
1.190000000000000000e+02 1.896839028018345275e+01
1.200000000000000000e+02 1.928852623646929842e+01
1.210000000000000000e+02 1.961134115473242900e+01
1.220000000000000000e+02 1.993683503497284804e+01
1.230000000000000000e+02 2.026500787719055552e+01
1.240000000000000000e+02 2.059585968138554790e+01
1.250000000000000000e+02 2.092939044755782874e+01
1.260000000000000000e+02 2.126560017570739802e+01
1.270000000000000000e+02 2.160448886583425576e+01
1.280000000000000000e+02 2.194605651793839840e+01
1.290000000000000000e+02 2.229030313201982949e+01
1.300000000000000000e+02 2.263722870807854903e+01
1.310000000000000000e+02 2.298683324611455703e+01
1.320000000000000000e+02 2.333911674612784992e+01
1.330000000000000000e+02 2.369407920811843127e+01
1.340000000000000000e+02 2.405172063208629751e+01
1.350000000000000000e+02 2.441204101803145221e+01
1.360000000000000000e+02 2.477504036595389536e+01
1.370000000000000000e+02 2.514071867585362696e+01
1.380000000000000000e+02 2.550907594773064346e+01
1.390000000000000000e+02 2.588011218158494842e+01
1.400000000000000000e+02 2.625382737741654182e+01
1.410000000000000000e+02 2.663022153522542368e+01
1.420000000000000000e+02 2.700929465501159044e+01
1.430000000000000000e+02 2.739104673677504209e+01
1.440000000000000000e+02 2.777547778051578575e+01
1.450000000000000000e+02 2.816258778623381431e+01
1.460000000000000000e+02 2.855237675392913133e+01
1.470000000000000000e+02 2.894484468360173679e+01
1.480000000000000000e+02 2.933999157525162715e+01
1.490000000000000000e+02 2.973781742887880597e+01
1.500000000000000000e+02 3.013832224448327324e+01
1.510000000000000000e+02 3.054150602206502896e+01
1.520000000000000000e+02 3.094736876162406958e+01
1.530000000000000000e+02 3.135591046316039865e+01
1.540000000000000000e+02 3.176713112667401617e+01
1.550000000000000000e+02 3.218103075216491504e+01
1.560000000000000000e+02 3.259760933963310947e+01
1.570000000000000000e+02 3.301686688907858525e+01
1.580000000000000000e+02 3.343880340050135658e+01
1.590000000000000000e+02 3.386341887390140926e+01
1.600000000000000000e+02 3.429071330927875039e+01
1.610000000000000000e+02 3.472068670663337286e+01
1.620000000000000000e+02 3.515333906596529090e+01
1.630000000000000000e+02 3.558867038727449028e+01
1.640000000000000000e+02 3.602668067056098522e+01
1.650000000000000000e+02 3.646736991582476151e+01
1.660000000000000000e+02 3.691073812306582624e+01
1.670000000000000000e+02 3.735678529228417943e+01
1.680000000000000000e+02 3.780551142347982108e+01
1.690000000000000000e+02 3.825691651665274406e+01
1.700000000000000000e+02 3.871100057180296261e+01
1.710000000000000000e+02 3.916776358893046250e+01
1.720000000000000000e+02 3.962720556803525085e+01
1.730000000000000000e+02 4.008932650911732765e+01
1.740000000000000000e+02 4.055412641217669290e+01
1.750000000000000000e+02 4.102160527721334660e+01
1.760000000000000000e+02 4.149176310422728875e+01
1.770000000000000000e+02 4.196459989321851225e+01
1.780000000000000000e+02 4.244011564418702420e+01
1.790000000000000000e+02 4.291831035713283171e+01
1.800000000000000000e+02 4.339918403205591346e+01
1.810000000000000000e+02 4.388273666895629788e+01
1.820000000000000000e+02 4.436896826783394943e+01
1.830000000000000000e+02 4.485787882868890364e+01
1.840000000000000000e+02 4.534946835152114630e+01
1.850000000000000000e+02 4.584373683633067031e+01
1.860000000000000000e+02 4.634068428311748278e+01
1.870000000000000000e+02 4.684031069188157659e+01
1.880000000000000000e+02 4.734261606262297306e+01
1.890000000000000000e+02 4.784760039534164378e+01
1.900000000000000000e+02 4.835526369003761005e+01
1.910000000000000000e+02 4.886560594671086477e+01
1.920000000000000000e+02 4.937862716536140084e+01
1.930000000000000000e+02 4.989432734598921826e+01
1.940000000000000000e+02 5.041270648859433834e+01
1.950000000000000000e+02 5.093376459317673977e+01
1.960000000000000000e+02 5.145750165973642254e+01
1.970000000000000000e+02 5.198391768827339376e+01
1.980000000000000000e+02 5.251301267878766055e+01
1.990000000000000000e+02 5.304478663127920868e+01
2.000000000000000000e+02 5.357923954574803815e+01
2.010000000000000000e+02 5.411637142219417029e+01
2.020000000000000000e+02 5.465618226061757667e+01
2.030000000000000000e+02 5.519867206101827861e+01
2.040000000000000000e+02 5.574384082339626190e+01
2.050000000000000000e+02 5.629168854775154074e+01
2.060000000000000000e+02 5.684221523408410093e+01
2.070000000000000000e+02 5.739542088239394957e+01
2.080000000000000000e+02 5.795130549268107956e+01
2.090000000000000000e+02 5.850986906494550510e+01
2.100000000000000000e+02 5.907111159918721910e+01
2.110000000000000000e+02 5.963503309540621444e+01
2.120000000000000000e+02 6.020163355360249824e+01
2.130000000000000000e+02 6.077091297377607049e+01
2.140000000000000000e+02 6.134287135592693829e+01
2.150000000000000000e+02 6.191750870005508034e+01
2.160000000000000000e+02 6.249482500616051794e+01
2.170000000000000000e+02 6.307482027424323690e+01
2.180000000000000000e+02 6.365749450430325140e+01
2.190000000000000000e+02 6.424284769634054726e+01
2.200000000000000000e+02 6.483087985035513157e+01
2.210000000000000000e+02 6.542159096634699722e+01
2.220000000000000000e+02 6.601498104431617264e+01
2.230000000000000000e+02 6.661105008426261520e+01
2.240000000000000000e+02 6.720979808618633911e+01
2.250000000000000000e+02 6.781122505008737278e+01
2.260000000000000000e+02 6.841533097596567359e+01
2.270000000000000000e+02 6.902211586382128417e+01
2.280000000000000000e+02 6.963157971365414767e+01
2.290000000000000000e+02 7.024372252546432094e+01
2.300000000000000000e+02 7.085854429925178977e+01
2.310000000000000000e+02 7.147604503501653994e+01
2.320000000000000000e+02 7.209622473275857146e+01
2.330000000000000000e+02 7.271908339247788433e+01
2.340000000000000000e+02 7.334462101417449276e+01
2.350000000000000000e+02 7.397283759784839674e+01
2.360000000000000000e+02 7.460373314349958207e+01
2.370000000000000000e+02 7.523730765112804875e+01
2.380000000000000000e+02 7.587356112073381098e+01
2.390000000000000000e+02 7.651249355231685456e+01
2.400000000000000000e+02 7.715410494587719370e+01
2.410000000000000000e+02 7.779839530141479997e+01
2.420000000000000000e+02 7.844536461892971602e+01
2.430000000000000000e+02 7.909501289842189919e+01
2.440000000000000000e+02 7.974734013989139214e+01
2.450000000000000000e+02 8.040234634333816643e+01
2.460000000000000000e+02 8.106003150876222207e+01
2.470000000000000000e+02 8.172039563616355906e+01
2.480000000000000000e+02 8.238343872554219161e+01
2.490000000000000000e+02 8.304916077689811971e+01
2.500000000000000000e+02 8.371756179023131494e+01
2.510000000000000000e+02 8.438864176554180574e+01
2.520000000000000000e+02 8.506240070282959209e+01
2.530000000000000000e+02 8.573883860209465979e+01
2.540000000000000000e+02 8.641795546333702305e+01
2.550000000000000000e+02 8.709975128655666765e+01
2.560000000000000000e+02 8.778422607175359360e+01
2.570000000000000000e+02 8.847137981892781511e+01
2.580000000000000000e+02 8.916121252807931796e+01
2.590000000000000000e+02 8.985372419920811637e+01
2.600000000000000000e+02 9.054891483231419613e+01
2.610000000000000000e+02 9.124678442739755724e+01
2.620000000000000000e+02 9.194733298445822811e+01
2.630000000000000000e+02 9.265056050349616612e+01
2.640000000000000000e+02 9.335646698451139969e+01
2.650000000000000000e+02 9.406505242750390039e+01
2.660000000000000000e+02 9.477631683247372507e+01
2.670000000000000000e+02 9.549026019942080268e+01
2.680000000000000000e+02 9.620688252834519005e+01
2.690000000000000000e+02 9.692618381924685877e+01
2.700000000000000000e+02 9.764816407212580884e+01
2.710000000000000000e+02 9.837282328698205447e+01
2.720000000000000000e+02 9.910016146381558144e+01
2.730000000000000000e+02 9.983017860262640397e+01
2.740000000000000000e+02 1.005628747034145078e+02
2.750000000000000000e+02 1.012982497661798931e+02
2.760000000000000000e+02 1.020363037909225739e+02
2.770000000000000000e+02 1.027770367776425502e+02
2.780000000000000000e+02 1.035204487263397937e+02
2.790000000000000000e+02 1.042665396370143327e+02
2.800000000000000000e+02 1.050153095096661673e+02
2.810000000000000000e+02 1.057667583442952832e+02
2.820000000000000000e+02 1.065208861409016947e+02
2.830000000000000000e+02 1.072776928994853733e+02
2.840000000000000000e+02 1.080371786200463617e+02
2.850000000000000000e+02 1.087993433025846315e+02
2.860000000000000000e+02 1.095641869471001684e+02
2.870000000000000000e+02 1.103317095535930150e+02
2.880000000000000000e+02 1.111019111220631430e+02
2.890000000000000000e+02 1.118747916525105524e+02
2.900000000000000000e+02 1.126503511449352573e+02
2.910000000000000000e+02 1.134285895993372435e+02
2.920000000000000000e+02 1.142095070157165253e+02
2.930000000000000000e+02 1.149931033940730885e+02
2.940000000000000000e+02 1.157793787344069472e+02
2.950000000000000000e+02 1.165683330367180872e+02
2.960000000000000000e+02 1.173599663010065086e+02
2.970000000000000000e+02 1.181542785272722398e+02
2.980000000000000000e+02 1.189512697155152239e+02
2.990000000000000000e+02 1.197509398657355320e+02
3.000000000000000000e+02 1.205532889779330930e+02
3.010000000000000000e+02 1.213583170521079637e+02
3.020000000000000000e+02 1.221660240882601158e+02
3.030000000000000000e+02 1.229764100863895493e+02
3.040000000000000000e+02 1.237894750464962783e+02
3.050000000000000000e+02 1.246052189685802887e+02
3.060000000000000000e+02 1.254236418526415946e+02
3.070000000000000000e+02 1.262447436986801819e+02
3.080000000000000000e+02 1.270685245066960647e+02
3.090000000000000000e+02 1.278949842766892289e+02
3.100000000000000000e+02 1.287241230086596602e+02
3.110000000000000000e+02 1.295559407026074155e+02
3.120000000000000000e+02 1.303904373585324379e+02
3.130000000000000000e+02 1.312276129764347559e+02
3.140000000000000000e+02 1.320674675563143410e+02
3.150000000000000000e+02 1.329100010981712501e+02
3.160000000000000000e+02 1.337552136020054263e+02
3.170000000000000000e+02 1.346031050678168697e+02
3.180000000000000000e+02 1.354536754956056370e+02
3.190000000000000000e+02 1.363069248853716715e+02
3.200000000000000000e+02 1.371628532371150015e+02
3.210000000000000000e+02 1.380214605508356271e+02
3.220000000000000000e+02 1.388827468265334915e+02
3.230000000000000000e+02 1.397467120642086797e+02
3.240000000000000000e+02 1.406133562638611636e+02
3.250000000000000000e+02 1.414826794254909146e+02
3.260000000000000000e+02 1.423546815490979611e+02
3.270000000000000000e+02 1.432293626346823032e+02
3.280000000000000000e+02 1.441067226822439409e+02
3.290000000000000000e+02 1.449867616917828457e+02
3.300000000000000000e+02 1.458694796632990460e+02
3.310000000000000000e+02 1.467548765967925419e+02
3.320000000000000000e+02 1.476429524922633050e+02
3.330000000000000000e+02 1.485337073497113636e+02
3.340000000000000000e+02 1.494271411691367177e+02
3.350000000000000000e+02 1.503232539505393390e+02
3.360000000000000000e+02 1.512220456939192843e+02
3.370000000000000000e+02 1.521235163992764967e+02
3.380000000000000000e+02 1.530276660666109763e+02
3.390000000000000000e+02 1.539344946959227798e+02
3.400000000000000000e+02 1.548440022872118504e+02
3.410000000000000000e+02 1.557561888404782167e+02
3.420000000000000000e+02 1.566710543557218500e+02
3.430000000000000000e+02 1.575885988329427789e+02
3.440000000000000000e+02 1.585088222721410034e+02
3.450000000000000000e+02 1.594317246733165234e+02
3.460000000000000000e+02 1.603573060364693106e+02
3.470000000000000000e+02 1.612855663615994217e+02
3.480000000000000000e+02 1.622165056487067716e+02
3.490000000000000000e+02 1.631501238977914454e+02
3.500000000000000000e+02 1.640864211088533864e+02
3.510000000000000000e+02 1.650253972818926229e+02
3.520000000000000000e+02 1.659670524169091550e+02
3.530000000000000000e+02 1.669113865139029542e+02
3.540000000000000000e+02 1.678583995728740490e+02
3.550000000000000000e+02 1.688080915938224393e+02
3.560000000000000000e+02 1.697604625767480968e+02
3.570000000000000000e+02 1.707155125216510498e+02
3.580000000000000000e+02 1.716732414285313268e+02
3.590000000000000000e+02 1.726336492973888710e+02
3.600000000000000000e+02 1.735967361282236539e+02
3.610000000000000000e+02 1.745625019210357607e+02
3.620000000000000000e+02 1.755309466758251915e+02
3.630000000000000000e+02 1.765020703925918610e+02
3.640000000000000000e+02 1.774758730713357977e+02
3.650000000000000000e+02 1.784523547120570584e+02
3.660000000000000000e+02 1.794315153147556146e+02
3.670000000000000000e+02 1.804133548794314379e+02
3.680000000000000000e+02 1.813978734060845852e+02
3.690000000000000000e+02 1.823850708947149712e+02
3.700000000000000000e+02 1.833749473453226813e+02
3.710000000000000000e+02 1.843675027579076584e+02
3.720000000000000000e+02 1.853627371324699311e+02
3.730000000000000000e+02 1.863606504690094994e+02
3.740000000000000000e+02 1.873612427675263064e+02
3.750000000000000000e+02 1.883645140280204657e+02
3.760000000000000000e+02 1.893704642504918922e+02
3.770000000000000000e+02 1.903790934349405859e+02
3.780000000000000000e+02 1.913904015813665751e+02
3.790000000000000000e+02 1.924043886897698599e+02
3.800000000000000000e+02 1.934210547601504402e+02
3.810000000000000000e+02 1.944403997925083161e+02
3.820000000000000000e+02 1.954624237868434591e+02
3.830000000000000000e+02 1.964871267431558692e+02
3.840000000000000000e+02 1.975145086614456034e+02
3.850000000000000000e+02 1.985445695417125762e+02
3.860000000000000000e+02 1.995773093839568730e+02
3.870000000000000000e+02 2.006127281881784654e+02
3.880000000000000000e+02 2.016508259543773534e+02
3.890000000000000000e+02 2.026916026825534800e+02
3.900000000000000000e+02 2.037350583727069591e+02
3.910000000000000000e+02 2.047811930248376768e+02
3.920000000000000000e+02 2.058300066389456902e+02
3.930000000000000000e+02 2.068814992150309990e+02
3.940000000000000000e+02 2.079356707530935751e+02
3.950000000000000000e+02 2.089925212531334466e+02
3.960000000000000000e+02 2.100520507151506422e+02
3.970000000000000000e+02 2.111142591391450765e+02
3.980000000000000000e+02 2.121791465251168347e+02
3.990000000000000000e+02 2.132467128730658601e+02
4.000000000000000000e+02 2.143169581829921526e+02
4.010000000000000000e+02 2.153898824548957691e+02
4.020000000000000000e+02 2.164654856887766812e+02
4.030000000000000000e+02 2.175437678846348319e+02
4.040000000000000000e+02 2.186247290424703067e+02
4.050000000000000000e+02 2.197083691622830486e+02
4.060000000000000000e+02 2.207946882440731144e+02
4.070000000000000000e+02 2.218836862878404474e+02
4.080000000000000000e+02 2.229753632935850476e+02
4.090000000000000000e+02 2.240697192613069717e+02
4.100000000000000000e+02 2.251667541910061630e+02
4.110000000000000000e+02 2.262664680826826213e+02
4.120000000000000000e+02 2.273688609363364037e+02
4.130000000000000000e+02 2.284739327519674532e+02
4.140000000000000000e+02 2.295816835295757983e+02
4.150000000000000000e+02 2.306921132691614105e+02
4.160000000000000000e+02 2.318052219707243182e+02
4.170000000000000000e+02 2.329210096342645500e+02
4.180000000000000000e+02 2.340394762597820204e+02
4.190000000000000000e+02 2.351606218472768148e+02
4.200000000000000000e+02 2.362844463967488764e+02
4.210000000000000000e+02 2.374109499081982335e+02
4.220000000000000000e+02 2.385401323816248578e+02
4.230000000000000000e+02 2.396719938170288060e+02
4.240000000000000000e+02 2.408065342144099930e+02
4.250000000000000000e+02 2.419437535737685039e+02
4.260000000000000000e+02 2.430836518951042819e+02
4.270000000000000000e+02 2.442262291784173556e+02
4.280000000000000000e+02 2.453714854237077532e+02
4.290000000000000000e+02 2.465194206309754179e+02
4.300000000000000000e+02 2.476700348002203214e+02
4.310000000000000000e+02 2.488233279314425488e+02
4.320000000000000000e+02 2.499793000246420718e+02
4.330000000000000000e+02 2.511379510798188903e+02
4.340000000000000000e+02 2.522992810969729476e+02
4.350000000000000000e+02 2.534632900761043572e+02
4.360000000000000000e+02 2.546299780172130056e+02
4.370000000000000000e+02 2.557993449202989495e+02
4.380000000000000000e+02 2.569713907853621890e+02
4.390000000000000000e+02 2.581461156124026957e+02
4.400000000000000000e+02 2.593235194014205263e+02
4.410000000000000000e+02 2.605036021524156240e+02
4.420000000000000000e+02 2.616863638653879889e+02
4.430000000000000000e+02 2.628718045403377346e+02
4.440000000000000000e+02 2.640599241772646906e+02
4.450000000000000000e+02 2.652507227761689137e+02
4.460000000000000000e+02 2.664442003370504608e+02
4.470000000000000000e+02 2.676403568599092750e+02
4.480000000000000000e+02 2.688391923447453564e+02
4.490000000000000000e+02 2.700407067915587618e+02
4.500000000000000000e+02 2.712449002003494911e+02
4.510000000000000000e+02 2.724517725711174876e+02
4.520000000000000000e+02 2.736613239038626944e+02
4.530000000000000000e+02 2.748735541985852251e+02
4.540000000000000000e+02 2.760884634552851367e+02
4.550000000000000000e+02 2.773060516739622017e+02
4.560000000000000000e+02 2.785263188546165907e+02
4.570000000000000000e+02 2.797492649972483036e+02
4.580000000000000000e+02 2.809748901018572838e+02
4.590000000000000000e+02 2.822031941684435878e+02
4.600000000000000000e+02 2.834341771970071591e+02
4.610000000000000000e+02 2.846678391875479974e+02
4.620000000000000000e+02 2.859041801400661598e+02
4.630000000000000000e+02 2.871432000545615892e+02
4.640000000000000000e+02 2.883848989310342859e+02
4.650000000000000000e+02 2.896292767694842496e+02
4.660000000000000000e+02 2.908763335699115373e+02
4.670000000000000000e+02 2.921260693323161490e+02
4.680000000000000000e+02 2.933784840566979710e+02
4.690000000000000000e+02 2.946335777430571738e+02
4.700000000000000000e+02 2.958913503913935870e+02
4.710000000000000000e+02 2.971518020017072672e+02
4.720000000000000000e+02 2.984149325739983283e+02
4.730000000000000000e+02 2.996807421082665996e+02
4.740000000000000000e+02 3.009492306045121950e+02
4.750000000000000000e+02 3.022203980627350575e+02
4.760000000000000000e+02 3.034942444829352439e+02
4.770000000000000000e+02 3.047707698651126407e+02
4.780000000000000000e+02 3.060499742092674182e+02
4.790000000000000000e+02 3.073318575153994630e+02
4.800000000000000000e+02 3.086164197835087748e+02
4.810000000000000000e+02 3.099036610135953538e+02
4.820000000000000000e+02 3.111935812056591999e+02
4.830000000000000000e+02 3.124861803597004268e+02
4.840000000000000000e+02 3.137814584757188641e+02
4.850000000000000000e+02 3.150794155537145684e+02
4.860000000000000000e+02 3.163800515936875968e+02
4.870000000000000000e+02 3.176833665956379491e+02
4.880000000000000000e+02 3.189893605595655686e+02
4.890000000000000000e+02 3.202980334854704552e+02
4.900000000000000000e+02 3.216093853733526657e+02
4.910000000000000000e+02 3.229234162232121434e+02
4.920000000000000000e+02 3.242401260350488883e+02
4.930000000000000000e+02 3.255595148088629003e+02
4.940000000000000000e+02 3.268815825446542362e+02
4.950000000000000000e+02 3.282063292424228962e+02
4.960000000000000000e+02 3.295337549021687664e+02
4.970000000000000000e+02 3.308638595238919606e+02
4.980000000000000000e+02 3.321966431075924788e+02
4.990000000000000000e+02 3.335321056532702073e+02
5.000000000000000000e+02 3.348702471609252598e+02
5.010000000000000000e+02 3.362110676305575794e+02
5.020000000000000000e+02 3.375545670621672230e+02
5.030000000000000000e+02 3.389007454557541905e+02
5.040000000000000000e+02 3.402496028113183684e+02
5.050000000000000000e+02 3.416011391288598702e+02
5.060000000000000000e+02 3.429553544083786392e+02
5.070000000000000000e+02 3.443122486498747321e+02
5.080000000000000000e+02 3.456718218533480922e+02
5.090000000000000000e+02 3.470340740187987194e+02
5.100000000000000000e+02 3.483990051462266706e+02
5.110000000000000000e+02 3.497666152356318889e+02
5.120000000000000000e+02 3.511369042870143744e+02
5.130000000000000000e+02 3.525098723003741839e+02
5.140000000000000000e+02 3.538855192757112604e+02
5.150000000000000000e+02 3.552638452130256610e+02
5.160000000000000000e+02 3.566448501123172719e+02
5.170000000000000000e+02 3.580285339735862635e+02
5.180000000000000000e+02 3.594148967968324655e+02
5.190000000000000000e+02 3.608039385820559346e+02
5.200000000000000000e+02 3.621956593292567845e+02
5.210000000000000000e+02 3.635900590384348448e+02
5.220000000000000000e+02 3.649871377095902290e+02
5.230000000000000000e+02 3.663868953427229371e+02
5.240000000000000000e+02 3.677893319378329124e+02
5.250000000000000000e+02 3.691944474949200981e+02
5.260000000000000000e+02 3.706022420139846645e+02
5.270000000000000000e+02 3.720127154950264412e+02
5.280000000000000000e+02 3.734258679380455987e+02
5.290000000000000000e+02 3.748416993430419666e+02
5.300000000000000000e+02 3.762602097100156016e+02
5.310000000000000000e+02 3.776813990389666174e+02
5.320000000000000000e+02 3.791052673298949003e+02
5.330000000000000000e+02 3.805318145828003935e+02
5.340000000000000000e+02 3.819610407976832107e+02
5.350000000000000000e+02 3.833929459745432951e+02
5.360000000000000000e+02 3.848275301133807602e+02
5.370000000000000000e+02 3.862647932141954357e+02
5.380000000000000000e+02 3.877047352769874351e+02
5.390000000000000000e+02 3.891473563017567017e+02
5.400000000000000000e+02 3.905926562885032354e+02
5.410000000000000000e+02 3.920406352372270362e+02
5.420000000000000000e+02 3.934912931479282179e+02
5.430000000000000000e+02 3.949446300206066098e+02
5.440000000000000000e+02 3.964006458552623258e+02
5.450000000000000000e+02 3.978593406518953088e+02
5.460000000000000000e+02 3.993207144105056159e+02
5.470000000000000000e+02 4.007847671310931901e+02
5.480000000000000000e+02 4.022514988136580314e+02
5.490000000000000000e+02 4.037209094582001967e+02
5.500000000000000000e+02 4.051929990647195723e+02
5.510000000000000000e+02 4.066677676332162719e+02
5.520000000000000000e+02 4.081452151636902954e+02
5.530000000000000000e+02 4.096253416561415861e+02
5.540000000000000000e+02 4.111081471105702008e+02
5.550000000000000000e+02 4.125936315269760257e+02
5.560000000000000000e+02 4.140817949053591747e+02
5.570000000000000000e+02 4.155726372457196476e+02
5.580000000000000000e+02 4.170661585480573308e+02
5.590000000000000000e+02 4.185623588123723948e+02
5.600000000000000000e+02 4.200612380386646691e+02
5.610000000000000000e+02 4.215627962269342675e+02
5.620000000000000000e+02 4.230670333771811329e+02
5.630000000000000000e+02 4.245739494894053223e+02
5.640000000000000000e+02 4.260835445636067789e+02
5.650000000000000000e+02 4.275958185997855026e+02
5.660000000000000000e+02 4.291107715979414934e+02
5.670000000000000000e+02 4.306284035580748650e+02
5.680000000000000000e+02 4.321487144801854470e+02
5.690000000000000000e+02 4.336717043642732961e+02
5.700000000000000000e+02 4.351973732103385260e+02
5.710000000000000000e+02 4.367257210183809093e+02
5.720000000000000000e+02 4.382567477884006735e+02
5.730000000000000000e+02 4.397904535203977048e+02
5.740000000000000000e+02 4.413268382143720601e+02
5.750000000000000000e+02 4.428659018703236825e+02
5.760000000000000000e+02 4.444076444882525720e+02
5.770000000000000000e+02 4.459520660681587287e+02
5.780000000000000000e+02 4.474991666100422094e+02
5.790000000000000000e+02 4.490489461139030141e+02
5.800000000000000000e+02 4.506014045797410290e+02
5.810000000000000000e+02 4.521565420075563679e+02
5.820000000000000000e+02 4.537143583973489740e+02
5.830000000000000000e+02 4.552748537491189040e+02
5.840000000000000000e+02 4.568380280628661012e+02
5.850000000000000000e+02 4.584038813385906224e+02
5.860000000000000000e+02 4.599724135762923538e+02
5.870000000000000000e+02 4.615436247759714092e+02
5.880000000000000000e+02 4.631175149376277886e+02
5.890000000000000000e+02 4.646940840612614352e+02
5.900000000000000000e+02 4.662733321468723489e+02
5.910000000000000000e+02 4.678552591944605865e+02
5.920000000000000000e+02 4.694398652040260345e+02
5.930000000000000000e+02 4.710271501755688632e+02
5.940000000000000000e+02 4.726171141090889591e+02
5.950000000000000000e+02 4.742097570045863222e+02
5.960000000000000000e+02 4.758050788620608955e+02
5.970000000000000000e+02 4.774030796815129065e+02
5.980000000000000000e+02 4.790037594629421278e+02
5.990000000000000000e+02 4.806071182063486162e+02
6.000000000000000000e+02 4.822131559117323718e+02
6.010000000000000000e+02 4.838218725790935082e+02
6.020000000000000000e+02 4.854332682084318549e+02
6.030000000000000000e+02 4.870473427997475255e+02
6.040000000000000000e+02 4.886640963530404633e+02
6.050000000000000000e+02 4.902835288683106683e+02
6.060000000000000000e+02 4.919056403455581972e+02
6.070000000000000000e+02 4.935304307847829932e+02
6.080000000000000000e+02 4.951579001859851132e+02
6.090000000000000000e+02 4.967880485491645004e+02
6.100000000000000000e+02 4.984208758743211547e+02
6.110000000000000000e+02 5.000563821614551330e+02
6.120000000000000000e+02 5.016945674105663784e+02
6.130000000000000000e+02 5.033354316216549478e+02
6.140000000000000000e+02 5.049789747947207275e+02
6.150000000000000000e+02 5.066251969297638311e+02
6.160000000000000000e+02 5.082740980267842588e+02
6.170000000000000000e+02 5.099256780857819535e+02
6.180000000000000000e+02 5.115799371067569155e+02
6.190000000000000000e+02 5.132368750897090877e+02
6.200000000000000000e+02 5.148964920346386407e+02
6.210000000000000000e+02 5.165587879415455745e+02
6.220000000000000000e+02 5.182237628104296618e+02
6.230000000000000000e+02 5.198914166412911300e+02
6.240000000000000000e+02 5.215617494341297515e+02
6.250000000000000000e+02 5.232347611889457539e+02
6.260000000000000000e+02 5.249104519057390235e+02
6.270000000000000000e+02 5.265888215845095601e+02
6.280000000000000000e+02 5.282698702252573639e+02
6.290000000000000000e+02 5.299535978279825486e+02
6.300000000000000000e+02 5.316400043926850003e+02
6.310000000000000000e+02 5.333290899193647192e+02
6.320000000000000000e+02 5.350208544080217052e+02
6.330000000000000000e+02 5.367152978586559584e+02
6.340000000000000000e+02 5.384124202712674787e+02
6.350000000000000000e+02 5.401122216458563798e+02
6.360000000000000000e+02 5.418147019824225481e+02
6.370000000000000000e+02 5.435198612809659835e+02
6.380000000000000000e+02 5.452276995414866860e+02
6.390000000000000000e+02 5.469382167639846557e+02
6.400000000000000000e+02 5.486514129484600062e+02
6.410000000000000000e+02 5.503672880949126238e+02
6.420000000000000000e+02 5.520858422033425086e+02
6.430000000000000000e+02 5.538070752737495468e+02
6.440000000000000000e+02 5.555309873061339658e+02
6.450000000000000000e+02 5.572575783004957657e+02
6.460000000000000000e+02 5.589868482568347190e+02
6.470000000000000000e+02 5.607187971751510531e+02
6.480000000000000000e+02 5.624534250554446544e+02
6.490000000000000000e+02 5.641907318977155228e+02
6.500000000000000000e+02 5.659307177019636583e+02
6.510000000000000000e+02 5.676733824681891747e+02
6.520000000000000000e+02 5.694187261963918445e+02
6.530000000000000000e+02 5.711667488865718951e+02
6.540000000000000000e+02 5.729174505387292129e+02
6.550000000000000000e+02 5.746708311528639115e+02
6.560000000000000000e+02 5.764268907289757635e+02
6.570000000000000000e+02 5.781856292670649964e+02
6.580000000000000000e+02 5.799470467671313827e+02
6.590000000000000000e+02 5.817111432291751498e+02
6.600000000000000000e+02 5.834779186531961841e+02
6.610000000000000000e+02 5.852473730391944855e+02
6.620000000000000000e+02 5.870195063871701677e+02
6.630000000000000000e+02 5.887943186971230034e+02
6.640000000000000000e+02 5.905718099690532199e+02
6.650000000000000000e+02 5.923519802029607035e+02
6.660000000000000000e+02 5.941348293988454543e+02
6.670000000000000000e+02 5.959203575567075859e+02
6.680000000000000000e+02 5.977085646765468709e+02
6.690000000000000000e+02 5.994994507583635368e+02
6.700000000000000000e+02 6.012930158021573561e+02
6.710000000000000000e+02 6.030892598079285563e+02
6.720000000000000000e+02 6.048881827756771372e+02
6.730000000000000000e+02 6.066897847054028716e+02
6.740000000000000000e+02 6.084940655971059869e+02
6.750000000000000000e+02 6.103010254507863692e+02
6.760000000000000000e+02 6.121106642664439050e+02
6.770000000000000000e+02 6.139229820440789354e+02
6.780000000000000000e+02 6.157379787836911191e+02
6.790000000000000000e+02 6.175556544852805700e+02
6.800000000000000000e+02 6.193760091488474018e+02
6.810000000000000000e+02 6.211990427743915006e+02
6.820000000000000000e+02 6.230247553619128666e+02
6.830000000000000000e+02 6.248531469114114998e+02
6.840000000000000000e+02 6.266842174228874001e+02
6.850000000000000000e+02 6.285179668963406812e+02
6.860000000000000000e+02 6.303543953317711157e+02
6.870000000000000000e+02 6.321935027291789311e+02
6.880000000000000000e+02 6.340352890885640136e+02
6.890000000000000000e+02 6.358797544099264769e+02
6.900000000000000000e+02 6.377268986932660937e+02
6.910000000000000000e+02 6.395767219385829776e+02
6.920000000000000000e+02 6.414292241458772423e+02
6.930000000000000000e+02 6.432844053151487742e+02
6.940000000000000000e+02 6.451422654463976869e+02
6.950000000000000000e+02 6.470028045396237530e+02
6.960000000000000000e+02 6.488660225948270863e+02
6.970000000000000000e+02 6.507319196120078004e+02
6.980000000000000000e+02 6.526004955911657817e+02
6.990000000000000000e+02 6.544717505323009163e+02
7.000000000000000000e+02 6.563456844354135455e+02
7.010000000000000000e+02 6.582222973005033282e+02
7.020000000000000000e+02 6.601015891275704917e+02
7.030000000000000000e+02 6.619835599166149223e+02
7.040000000000000000e+02 6.638682096676366200e+02
7.050000000000000000e+02 6.657555383806355849e+02
7.060000000000000000e+02 6.676455460556118169e+02
7.070000000000000000e+02 6.695382326925653160e+02
7.080000000000000000e+02 6.714335982914961960e+02
7.090000000000000000e+02 6.733316428524042294e+02
7.100000000000000000e+02 6.752323663752897573e+02
7.110000000000000000e+02 6.771357688601524387e+02
7.120000000000000000e+02 6.790418503069923872e+02
7.130000000000000000e+02 6.809506107158096029e+02
7.140000000000000000e+02 6.828620500866041994e+02
7.150000000000000000e+02 6.847761684193760630e+02
7.160000000000000000e+02 6.866929657141253074e+02
7.170000000000000000e+02 6.886124419708515916e+02
7.180000000000000000e+02 6.905345971895554840e+02
7.190000000000000000e+02 6.924594313702364161e+02
7.200000000000000000e+02 6.943869445128946154e+02
7.210000000000000000e+02 6.963171366175301955e+02
7.220000000000000000e+02 6.982500076841430428e+02
7.230000000000000000e+02 7.001855577127332708e+02
7.240000000000000000e+02 7.021237867033007660e+02
7.250000000000000000e+02 7.040646946558454147e+02
7.260000000000000000e+02 7.060082815703674441e+02
7.270000000000000000e+02 7.079545474468667408e+02
7.280000000000000000e+02 7.099034922853431908e+02
7.290000000000000000e+02 7.118551160857971354e+02
7.300000000000000000e+02 7.138094188482282334e+02
7.310000000000000000e+02 7.157664005726367122e+02
7.320000000000000000e+02 7.177260612590224582e+02
7.330000000000000000e+02 7.196884009073855850e+02
7.340000000000000000e+02 7.216534195177257516e+02
7.350000000000000000e+02 7.236211170900434126e+02
7.360000000000000000e+02 7.255914936243383409e+02
7.370000000000000000e+02 7.275645491206104225e+02
7.380000000000000000e+02 7.295402835788598850e+02
7.390000000000000000e+02 7.315186969990866146e+02
7.400000000000000000e+02 7.334997893812907250e+02
7.410000000000000000e+02 7.354835607254721026e+02
7.420000000000000000e+02 7.374700110316306336e+02
7.430000000000000000e+02 7.394591402997665455e+02
7.440000000000000000e+02 7.414509485298797244e+02
7.450000000000000000e+02 7.434454357219701706e+02
7.460000000000000000e+02 7.454426018760379975e+02
7.470000000000000000e+02 7.474424469920830916e+02
7.480000000000000000e+02 7.494449710701052254e+02
7.490000000000000000e+02 7.514501741101049674e+02
7.500000000000000000e+02 7.534580561120818629e+02
7.510000000000000000e+02 7.554686170760360255e+02
7.520000000000000000e+02 7.574818570019675690e+02
7.530000000000000000e+02 7.594977758898762659e+02
7.540000000000000000e+02 7.615163737397623436e+02
7.550000000000000000e+02 7.635376505516256884e+02
7.560000000000000000e+02 7.655616063254663004e+02
7.570000000000000000e+02 7.675882410612842932e+02
7.580000000000000000e+02 7.696175547590794395e+02
7.590000000000000000e+02 7.716495474188518529e+02
7.600000000000000000e+02 7.736842190406017608e+02
7.610000000000000000e+02 7.757215696243288221e+02
7.620000000000000000e+02 7.777615991700332643e+02
7.630000000000000000e+02 7.798043076777148599e+02
7.640000000000000000e+02 7.818496951473738363e+02
7.650000000000000000e+02 7.838977615790100799e+02
7.660000000000000000e+02 7.859485069726234769e+02
7.670000000000000000e+02 7.880019313282142548e+02
7.680000000000000000e+02 7.900580346457824135e+02
7.690000000000000000e+02 7.921168169253277256e+02
7.700000000000000000e+02 7.941782781668503048e+02
7.710000000000000000e+02 7.962424183703502649e+02
7.720000000000000000e+02 7.983092375358274921e+02
7.730000000000000000e+02 8.003787356632819865e+02
7.740000000000000000e+02 8.024509127527138617e+02
7.750000000000000000e+02 8.045257688041230040e+02
7.760000000000000000e+02 8.066033038175094134e+02
7.770000000000000000e+02 8.086835177928729763e+02
7.780000000000000000e+02 8.107664107302139200e+02
7.790000000000000000e+02 8.128519826295322446e+02
7.800000000000000000e+02 8.149402334908278362e+02
7.810000000000000000e+02 8.170311633141005814e+02
7.820000000000000000e+02 8.191247720993507073e+02
7.830000000000000000e+02 8.212210598465779867e+02
7.840000000000000000e+02 8.233200265557827606e+02
7.850000000000000000e+02 8.254216722269648017e+02
7.860000000000000000e+02 8.275259968601239962e+02
7.870000000000000000e+02 8.296330004552604578e+02
7.880000000000000000e+02 8.317426830123743002e+02
7.890000000000000000e+02 8.338550445314654098e+02
7.900000000000000000e+02 8.359700850125337865e+02
7.910000000000000000e+02 8.380878044555795441e+02
7.920000000000000000e+02 8.402082028606025688e+02
7.930000000000000000e+02 8.423312802276027469e+02
7.940000000000000000e+02 8.444570365565803058e+02
7.950000000000000000e+02 8.465854718475351319e+02
7.960000000000000000e+02 8.487165861004673388e+02
7.970000000000000000e+02 8.508503793153768129e+02
7.980000000000000000e+02 8.529868514922634404e+02
7.990000000000000000e+02 8.551260026311274487e+02
8.000000000000000000e+02 8.572678327319686105e+02
8.010000000000000000e+02 8.594123417947872667e+02
8.020000000000000000e+02 8.615595298195830765e+02
8.030000000000000000e+02 8.637093968063562670e+02
8.040000000000000000e+02 8.658619427551067247e+02
8.050000000000000000e+02 8.680171676658343358e+02
8.060000000000000000e+02 8.701750715385393278e+02
8.070000000000000000e+02 8.723356543732217006e+02
8.080000000000000000e+02 8.744989161698812268e+02
8.090000000000000000e+02 8.766648569285181338e+02
8.100000000000000000e+02 8.788334766491321943e+02
8.110000000000000000e+02 8.810047753317237493e+02
8.120000000000000000e+02 8.831787529762924578e+02
8.130000000000000000e+02 8.853554095828384334e+02
8.140000000000000000e+02 8.875347451513617898e+02
8.150000000000000000e+02 8.897167596818624133e+02
8.160000000000000000e+02 8.919014531743401903e+02
8.170000000000000000e+02 8.940888256287953482e+02
8.180000000000000000e+02 8.962788770452278868e+02
8.190000000000000000e+02 8.984716074236375789e+02
8.200000000000000000e+02 9.006670167640246518e+02
8.210000000000000000e+02 9.028651050663888782e+02
8.220000000000000000e+02 9.050658723307304854e+02
8.230000000000000000e+02 9.072693185570493597e+02
8.240000000000000000e+02 9.094754437453456148e+02
8.250000000000000000e+02 9.116842478956190234e+02
8.260000000000000000e+02 9.138957310078698129e+02
8.270000000000000000e+02 9.161098930820978694e+02
8.280000000000000000e+02 9.183267341183031931e+02
8.290000000000000000e+02 9.205462541164857839e+02
8.300000000000000000e+02 9.227684530766456419e+02
8.310000000000000000e+02 9.249933309987827670e+02
8.320000000000000000e+02 9.272208878828972729e+02
8.330000000000000000e+02 9.294511237289890460e+02
8.340000000000000000e+02 9.316840385370581998e+02
8.350000000000000000e+02 9.339196323071045072e+02
8.360000000000000000e+02 9.361579050391280816e+02
8.370000000000000000e+02 9.383988567331291506e+02
8.380000000000000000e+02 9.406424873891072593e+02
8.390000000000000000e+02 9.428887970070627489e+02
8.400000000000000000e+02 9.451377855869955056e+02
8.410000000000000000e+02 9.473894531289055294e+02
8.420000000000000000e+02 9.496437996327929341e+02
8.430000000000000000e+02 9.519008250986574922e+02
8.440000000000000000e+02 9.541605295264994311e+02
8.450000000000000000e+02 9.564229129163186371e+02
8.460000000000000000e+02 9.586879752681152240e+02
8.470000000000000000e+02 9.609557165818889644e+02
8.480000000000000000e+02 9.632261368576399718e+02
8.490000000000000000e+02 9.654992360953683601e+02
8.500000000000000000e+02 9.677750142950740155e+02
8.510000000000000000e+02 9.700534714567570518e+02
8.520000000000000000e+02 9.723346075804171278e+02
8.530000000000000000e+02 9.746184226660546983e+02
8.540000000000000000e+02 9.769049167136694223e+02
8.550000000000000000e+02 9.791940897232616408e+02
8.560000000000000000e+02 9.814859416948310127e+02
8.570000000000000000e+02 9.837804726283776517e+02
8.580000000000000000e+02 9.860776825239016716e+02
8.590000000000000000e+02 9.883775713814027313e+02
8.600000000000000000e+02 9.906801392008812854e+02
8.610000000000000000e+02 9.929853859823372204e+02
8.620000000000000000e+02 9.952933117257701952e+02
8.630000000000000000e+02 9.976039164311805507e+02
8.640000000000000000e+02 9.999172000985682871e+02
8.650000000000000000e+02 1.002233162727933291e+03
8.660000000000000000e+02 1.004551804319275561e+03
8.670000000000000000e+02 1.006873124872595099e+03
8.680000000000000000e+02 1.009197124387891790e+03
8.690000000000000000e+02 1.011523802865165976e+03
8.700000000000000000e+02 1.013853160304417429e+03
8.710000000000000000e+02 1.016185196705646035e+03
8.720000000000000000e+02 1.018519912068852022e+03
8.730000000000000000e+02 1.020857306394035277e+03
8.740000000000000000e+02 1.023197379681195798e+03
8.750000000000000000e+02 1.025540131930333700e+03
8.760000000000000000e+02 1.027885563141448756e+03
8.770000000000000000e+02 1.030233673314541193e+03
8.780000000000000000e+02 1.032584462449610783e+03
8.790000000000000000e+02 1.034937930546657981e+03
8.800000000000000000e+02 1.037294077605682105e+03
8.810000000000000000e+02 1.039652903626683610e+03
8.820000000000000000e+02 1.042014408609662496e+03
8.830000000000000000e+02 1.044378592554618535e+03
8.840000000000000000e+02 1.046745455461551956e+03
8.850000000000000000e+02 1.049114997330462757e+03
8.860000000000000000e+02 1.051487218161350938e+03
8.870000000000000000e+02 1.053862117954216046e+03
8.880000000000000000e+02 1.056239696709058762e+03
8.890000000000000000e+02 1.058619954425878632e+03
8.900000000000000000e+02 1.061002891104675655e+03
8.910000000000000000e+02 1.063388506745450059e+03
8.920000000000000000e+02 1.065776801348201843e+03
8.930000000000000000e+02 1.068167774912930781e+03
8.940000000000000000e+02 1.070561427439637100e+03
8.950000000000000000e+02 1.072957758928320573e+03
8.960000000000000000e+02 1.075356769378981426e+03
8.970000000000000000e+02 1.077758458791619660e+03
8.980000000000000000e+02 1.080162827166235047e+03
8.990000000000000000e+02 1.082569874502827815e+03
9.000000000000000000e+02 1.084979600801397964e+03
9.010000000000000000e+02 1.087392006061945267e+03
9.020000000000000000e+02 1.089807090284469950e+03
9.030000000000000000e+02 1.092224853468971560e+03
9.040000000000000000e+02 1.094645295615450777e+03
9.050000000000000000e+02 1.097068416723907376e+03
9.060000000000000000e+02 1.099494216794340900e+03
9.070000000000000000e+02 1.101922695826752033e+03
9.080000000000000000e+02 1.104353853821140547e+03
9.090000000000000000e+02 1.106787690777505986e+03
9.100000000000000000e+02 1.109224206695848807e+03
9.110000000000000000e+02 1.111663401576169008e+03
9.120000000000000000e+02 1.114105275418466363e+03
9.130000000000000000e+02 1.116549828222741326e+03
9.140000000000000000e+02 1.118997059988993215e+03
9.150000000000000000e+02 1.121446970717222484e+03
9.160000000000000000e+02 1.123899560407429135e+03
9.170000000000000000e+02 1.126354829059613166e+03
9.180000000000000000e+02 1.128812776673774351e+03
9.190000000000000000e+02 1.131273403249912917e+03
9.200000000000000000e+02 1.133736708788028636e+03
9.210000000000000000e+02 1.136202693288121736e+03
9.220000000000000000e+02 1.138671356750191990e+03
9.230000000000000000e+02 1.141142699174239624e+03
9.240000000000000000e+02 1.143616720560264639e+03
9.250000000000000000e+02 1.146093420908266808e+03
9.260000000000000000e+02 1.148572800218246357e+03
9.270000000000000000e+02 1.151054858490203060e+03
9.280000000000000000e+02 1.153539595724137143e+03
9.290000000000000000e+02 1.156027011920048380e+03
9.300000000000000000e+02 1.158517107077936998e+03
9.310000000000000000e+02 1.161009881197802997e+03
9.320000000000000000e+02 1.163505334279646149e+03
9.330000000000000000e+02 1.166003466323466682e+03
9.340000000000000000e+02 1.168504277329264596e+03
9.350000000000000000e+02 1.171007767297039663e+03
9.360000000000000000e+02 1.173513936226791884e+03
9.370000000000000000e+02 1.176022784118521713e+03
9.380000000000000000e+02 1.178534310972228695e+03
9.390000000000000000e+02 1.181048516787912831e+03
9.400000000000000000e+02 1.183565401565574348e+03
9.410000000000000000e+02 1.186084965305213018e+03
9.420000000000000000e+02 1.188607208006829069e+03
9.430000000000000000e+02 1.191132129670422501e+03
9.440000000000000000e+02 1.193659730295993313e+03
9.450000000000000000e+02 1.196190009883541279e+03
9.460000000000000000e+02 1.198722968433066399e+03
9.470000000000000000e+02 1.201258605944568899e+03
9.480000000000000000e+02 1.203796922418048780e+03
9.490000000000000000e+02 1.206337917853505814e+03
9.500000000000000000e+02 1.208881592250940230e+03
9.510000000000000000e+02 1.211427945610351799e+03
9.520000000000000000e+02 1.213976977931740976e+03
9.530000000000000000e+02 1.216528689215107079e+03
9.540000000000000000e+02 1.219083079460450563e+03
9.550000000000000000e+02 1.221640148667771427e+03
9.560000000000000000e+02 1.224199896837069673e+03
9.570000000000000000e+02 1.226762323968345072e+03
9.580000000000000000e+02 1.229327430061597852e+03
9.590000000000000000e+02 1.231895215116827785e+03
9.600000000000000000e+02 1.234465679134035099e+03
9.610000000000000000e+02 1.237038822113219339e+03
9.620000000000000000e+02 1.239614644054381415e+03
9.630000000000000000e+02 1.242193144957520417e+03
9.640000000000000000e+02 1.244774324822636800e+03
9.650000000000000000e+02 1.247358183649730563e+03
9.660000000000000000e+02 1.249944721438801707e+03
9.670000000000000000e+02 1.252533938189849778e+03
9.680000000000000000e+02 1.255125833902875456e+03
9.690000000000000000e+02 1.257720408577878061e+03
9.700000000000000000e+02 1.260317662214858274e+03
9.710000000000000000e+02 1.262917594813815867e+03
9.720000000000000000e+02 1.265520206374750387e+03
9.730000000000000000e+02 1.268125496897662515e+03
9.740000000000000000e+02 1.270733466382551796e+03
9.750000000000000000e+02 1.273344114829418459e+03
9.760000000000000000e+02 1.275957442238262274e+03
9.770000000000000000e+02 1.278573448609083471e+03
9.780000000000000000e+02 1.281192133941881821e+03
9.790000000000000000e+02 1.283813498236657551e+03
9.800000000000000000e+02 1.286437541493410663e+03
9.810000000000000000e+02 1.289064263712140701e+03
9.820000000000000000e+02 1.291693664892848574e+03
9.830000000000000000e+02 1.294325745035533373e+03
9.840000000000000000e+02 1.296960504140195553e+03
9.850000000000000000e+02 1.299597942206834887e+03
9.860000000000000000e+02 1.302238059235451601e+03
9.870000000000000000e+02 1.304880855226045696e+03
9.880000000000000000e+02 1.307526330178616945e+03
9.890000000000000000e+02 1.310174484093165574e+03
9.900000000000000000e+02 1.312825316969691585e+03
9.910000000000000000e+02 1.315478828808194748e+03
9.920000000000000000e+02 1.318135019608675066e+03
9.930000000000000000e+02 1.320793889371132991e+03
9.940000000000000000e+02 1.323455438095567843e+03
9.950000000000000000e+02 1.326119665781980075e+03
9.960000000000000000e+02 1.328786572430369915e+03
9.970000000000000000e+02 1.331456158040736682e+03
9.980000000000000000e+02 1.334128422613080829e+03
9.990000000000000000e+02 1.336803366147402130e+03
